Name: Chris Redfield
AFM: 234231687
Income: 23050.0
Basic Tax: 1233.175
Tax Increase: -184.97624999999994
Total Tax: 1048.19875
TotalReceiptsGathered: 10

Entertainment: 0
Basic: 1
Travel: 1
Health: 2
Other: 2